1966  11  11711206
1966  12  13985588
1967  01  15633035
1967  02  15039402
1967  03  13936660
1967  04  12148713
1967  05  8734924
1967  06  5400031
1967  07  2849778
1967  08  1696579
1967  09  2027469
1967  10  5941258
1967  11  10958290
1967  12  14444697
1968  01  15492354
1968  02  13856896
1968  03  11891921
1968  04  10017312
1968  05  6110834
1968  06  3108610
1968  08  273511
1968  09  841632
1968  10  5312271
1968  11  11218382
1968  12  15144375
1969  01  15795140
1969  02  15702242
1969  03  15143273
1969  04  10974496
1969  05  6551736
1969  11  10922802
1969  12  15017737
1970  01  16125950
1970  02  14589754
1970  03  14190078
1970  04  12258408
1970  05  7584295
1970  06  4183729
1970  07  1439082
1970  08  337973
1970  09  1540740
1970  10  6530517
1970  11  11287647
1970  12  15180022
1971  01  15802471
1971  02  14987248
1971  03  14841508
1971  04  11459657
1971  05  6834837
1971  06  3389814
1971  10  7036258
1971  11  11843950
1971  12  14984568
1972  01  14781054
1972  02  14759666
1972  03  13150538
1972  04  11555639
1972  05  7717395
1972  06  4438392
1972  07  2017948
1972  08  1513900
1972  09  2842973
1972  10  7110445
1972  11  11079650
1972  12  15209604
1973  01  14659266
1973  02  14707363
1973  03  12629183
1973  04  11271028
1973  05  7447436
1973  06  4967520
1973  07  1948274
1973  08  1346327
1973  09  1721253
1973  10  5660374
1973  11  12336766
1973  12  14475568
1974  01  15276658
1974  02  14450708
1974  03  13309697
1974  04  12068464
1974  05  9375926
1974  06  3963081
1974  07  1667225
1974  08  881170
1974  09  1317107
1974  10  7311969
1974  11  10038323
1974  12  13510923
1975  01  15236623
1975  02  15359406
1975  03  14819970
1975  04  12955672
1975  05  8002978
1975  06  4306009
1975  07  955262
1975  08  736284
1975  09  1667616
1975  10  6318632
1975  11  11276666
1975  12  14461607
1976  01  15130097
1976  02  14548599
1976  03  13621974
1976  04  9837027
1976  05  7823332
1976  06  5251698
1976  07  2163441
1976  08  1116860
1976  09  1697150
1976  10  6421253
1976  11  10835528
1976  12  13835562
1977  01  15520755
1977  02  13931193
1977  03  13709721
1977  04  10884723
1977  05  7478037
1977  06  4936690
1977  07  2057056
1977  08  995804
1977  09  1909703
1977  10  5368822
1977  11  10233153
1977  12  14387348
1978  01  16182337
1978  02  16893503
1978  03  15018089
1978  04  11500762
1978  05  8473297
1978  06  5702140
1978  07  3043969
1978  08  1869643
1978  09  2286073
1978  10  5752285
1978  11  11511783
1978  12  15513089
1979  01  16489889
1979  02  16688099
1979  03  14512075
1979  04  12636399
1979  05  8359202
1979  06  4844468
1979  07  2334503
1979  08  1253978
1979  09  1609939
1979  10  4214925
1979  11  9333693
1979  12  12786653
1980  01  15425974
1980  02  16056764
1980  03  14002173
1980  04  11123774
1980  05  6728923
1980  06  3850082
1980  07  1825594
1980  08  1505328
1980  09  1796974
1980  10  4318363
1980  11  10477370
1980  12  12409154
1981  01  13917528
1981  02  13755722
1981  03  12555379
1981  04  10782167
1981  05  7948470
1981  06  4746593
1981  07  1929816
1981  08  1717713
1981  09  1315718
1981  10  6070378
1981  11  10413642
1981  12  14494552
1982  01  16413187
1982  02  15862966
1982  03  14139511
1982  04  12665769
1982  05  7691377
1982  06  3572240
1982  07  583611
1982  08  383469
1982  09  1859592
1982  10  5256563
1982  11  11529352
1982  12  14197214
1983  01  15146468
1983  02  14773536
1983  03  13779998
1983  04  11468014
1983  05  7888050
1983  06  4083959
1983  07  987713
1983  08  317366
1983  09  1363617
1983  10  5920908
1983  11  11327207
1983  12  15885453
1984  01  16265770
1984  02  14650102
1984  03  14252705
1984  04  10297495
1984  05  6813933
1984  06  3069557
1984  07  631980
1984  08  192964
1984  09  1246514
1984  10  5829290
1984  11  11263056
1984  12  14545253
1985  01  16666167
1985  02  16142867
1985  03  14201387
1985  04  11817382
1985  05  9051530
1985  06  5672839
1985  07  1831996
1985  08  682573
1985  09  1581491
1985  10  5825907
1985  11  12723388
1985  12  15881962
1986  01  15049273
1986  02  15753306
1986  03  13008694
1986  04  10884267
1986  05  7650069
1986  06  4768870
1986  07  1393732
1986  08  735590
1986  09  2193921
1986  10  6592394
1986  11  12284159
1986  12  13650464
1987  01  15268018
1987  02  14326815
1987  03  13838115
1987  04  9735271
1987  05  6413597
1987  06  4272931
1987  07  1688111
1987  08  434214
1987  09  1311898
1987  10  4252869
1987  11  9403744
1987  12  14013347
1988  01  16079324
1988  02  14925973
1988  03  12473905
1988  04  10312882
1988  05  6902561
1988  06  3301074
1988  07  668904
1988  08  207946
1988  09  1070497
1988  10  5061944
1988  11  11172387
1988  12  13560505
1989  01  14572346
1989  02  15279964
1989  03  13689665
1989  04  11316893
1989  05  6797772
1989  06  3243145
1989  07  628504
1989  08  145497
1989  09  1750226
1989  10  5520058
1989  11  11393942
1989  12  15429086
1990  01  14711305
1990  02  14493041
1990  03  12899874
1990  04  10534821
1990  05  6798495
1990  06  2924437
1990  07  617285
1990  08  263496
1990  09  1203344
1990  10  5537064
1990  11  10012856
1990  12  14783285
1991  01  15489008
1991  02  13973161
1991  03  12832811
1991  04  10248000
1991  05  6676699
1991  06  4030441
1991  07  776414
1991  08  584927
1991  09  1552441
1991  10  6234690
1991  11  12615446
1991  12  13922648
1992  01  14726949
1992  02  13681362
1992  03  12549567
1992  04  10630324
1992  05  7628541
1992  06  4167688
1992  07  955482
1992  08  329751
1992  09  2132130
1992  10  6223296
1992  11  11833371
1992  12  15799328
1993  01  15748461
1993  02  15652083
1993  03  13652909
1993  04  10145031
1993  05  6672689
1993  06  2800856
1993  07  466712
1993  08  252978
1993  09  1650183
1993  10  5676823
1993  11  12334505
1993  12  13881638
1994  01  15574672
1994  02  15028945
1994  03  13033991
1994  04  10807426
1994  05  6567496
1994  06  3440144
1994  07  644704
1994  08  382620
1994  09  1363826
1994  10  4777945
1994  11  11483403
1994  12  14491815
1995  01  15182588
1995  02  14244226
1995  03  13083333
1995  04  12262985
1995  05  6875975
1995  06  3556975
1995  07  750691
1995  08  744815
1995  09  1912070
1995  10  5730211
1995  11  11967487
1995  12  14316095
1996  01  15315323
1996  02  14660374
1996  03  14056426
1996  04  11720517
1996  05  8006801
1996  06  3950525
1996  07  785753
1996  08  415554
1996  09  1976753
1996  10  6963426
1996  11  12684373
1996  12  14560197
1997  01  15465826
1997  02  14955999
1997  03  13701563
1997  04  12485504
1997  05  8758579
1997  06  4279150
1997  07  1111752
1997  08  813043
1997  09  1894360
1997  10  6295962
1997  11  11352227
1997  12  14709121
1998  01  14928724
1998  02  14264949
1998  03  14182200
1998  04  10081244
1998  05  6116372
1998  06  3023767
1998  07  775420
1998  08  384986
1998  09  987373
1998  10  5512101
1998  11  10043176
1998  12  14251957
1999  01  14894264
1999  02  14161203
1999  03  13572329
1999  04  10548411
1999  05  7097584
1999  06  3200167
1999  07  917216
1999  08  312948
1999  09  1372946
1999  10  5639255
1999  11  9810661
1999  12  13207732
2000  01  15106090
2000  02  14605063
2000  03  12387058
2000  04  10429697
2000  05  7586810
2000  06  4051498
2000  07  735441
2000  08  402525
2000  09  2298607
2000  10  6110362
2000  11  12126877
2000  12  15774725
2001  01  15938422
2001  02  15527250
2001  03  13978030
2001  04  10944373
2001  05  7082337
2001  06  3824431
2001  07  1228997
2001  08  498728
2001  09  1337669
2001  10  5874298
2001  11  10563751
2001  12  14432046
2002  01  15036213
2002  02  14865275
2002  03  14287184
2002  04  11473655
2002  05  7853791
2002  06  4045164
2002  07  960779
2002  08  590114
2002  09  1514055
2002  10  7623160
2002  11  12006149
2002  12  14019776
2003  01  14798711
2003  02  15661667
2003  03  13465932
2003  04  11286351
2003  05  7222473
2003  06  3831785
2003  07  845460
2003  08  556136
2003  09  2031052
2003  10  5628267
2003  11  12592203
2003  12  14898792
2004  01  15965411
2004  02  15834086
2004  03  13348982
2004  04  10375327
2004  05  7692931
2004  06  3851867
2004  07  1110190
2004  08  349675
2004  09  1773384
2004  10  6585937
2004  11  11228173
2004  12  14037443
2005  01  15638562
2005  02  14298136
2005  03  13409916
2005  04  10074194
2005  05  6342120
2005  06  3595585
2005  07  862932
2005  08  405363
2005  09  1934979
2005  10  5195324
2005  11  10848287
2005  12  14931855
2006  01  14370863
2006  02  14698597
2006  03  13970411
2006  04  10079747
2006  05  6266902
2006  06  3216378
2006  07  960910
2006  08  354076
2006  09  919546
2006  10  6419350
2006  11  11224363
2006  12  14163034
2007  01  15760846
2007  02  15443991
2007  03  13244293
2007  04  10789147
2007  05  6414423
2007  06  3590824
2007  07  664026
2007  08  282802
2007  09  1458897
2007  10  5718730
2007  11  11037903
2007  12  15819849
2008  01  15860946
2008  02  15741187
2008  03  14360623
2008  04  12114868
2008  05  6724613
2008  06  2607192
2008  07  252344
2008  08  389175
2008  09  1992106
2008  10  5782045
2008  11  11175437
2008  12  15506396
2009  01  15752425
2009  02  15139122
2009  03  13771605
2009  04  11580182
2009  05  7215616
2009  06  2975478
2009  07  397620
2009  08  151595
2009  09  1523994
2009  10  7309378
2009  11  9984271
2009  12  16123146
2010  01  16167192
2010  02  16569908
2010  03  12914412
2010  04  8870413
2010  05  5648186
2010  06  2305321
2010  07  300579
2010  08  215737
2010  09  1598568
2010  10  6006627
2010  11  11813048
2010  12  15658655
2011  01  16348147
2011  02  15798653
2011  03  14462198
2011  04  11955657
2011  05  6944234
2011  06  2472866
2011  07  313809
2011  08  168003
2011  09  1574078
2011  10  5724348
2011  11  11822620
2011  12  14019487
2012  01  14558552
2012  02  14602523
2012  03  12523685
2012  04  10123529
2012  05  6439481
2012  06  1762562
2012  07  206361
2012  08  263597
2012  09  1136176
2012  10  6627786
2012  11  11876080
2012  12  15187041
2013  01  15845257
2013  02  15514095
2013  03  14475691
2013  04  12663539
2013  05  6870479
2013  06  2373619
2013  07  745822
2013  08  643163
2013  09  1982765
2013  10  6006484
2013  11  12613064
2013  12  15760674
2014  01  15221578
2014  02  15761168
2014  03  14050233
2014  04  11638588
2014  05  6597558
2014  06  2353814
2014  07  718618
2014  08  376989
2014  09  2749823
2014  10  6587239
2014  11  13237768
2014  12  14280043
2015  01  15218850
2015  02  15244337
2015  03  12911754
2015  04  10465835
2015  05  5920113
2015  06  1935853
2015  07  283271
2015  08  385831
2015  09  2013132
2015  10  6578369
2015  11  11548072
2015  12  14683582
2016  01  16201268
2016  02  14527962
2016  03  12441912
2016  04  10283095
2016  05  5649406
2016  06  2189136
2016  07  394476
2016  08  450395
2016  09  1888950
2016  10  7321373
2016  11  10743636
2016  12  15495689
2017  01  15885990
2017  02  14552635
2017  03  13360103
2017  04  11432160
2017  05  7609588
2017  06  2904740
2017  07  955065
2017  08  558848
2017  09  1859368
2017  10  6965863
2017  11  12533551
2017  12  14560711
2018  01  15442984
2018  02  15325794
2018  03  14634425
2018  04  12653101
2018  05  6802060
2018  06  3156542
2018  07  690548
2018  08  511842
2018  09  2929724
2018  10  7517530
2018  11  13570971
2018  12  14803154
2019  01  15508669
2019  02  16197917
2019  03  14432181
2019  04  10609339
2019  05  6410338
2019  06  2070408
2019  07  263113
2019  08  357276
2019  09  1448626
2019  10  7338870
2019  11  12936416
2019  12  15015205
2020  01  15356581
2020  02  14566312
2020  03  13468606
2020  04  11788699
2020  05  6934985
2020  06  2730640
2020  07  257648
2020  08  237793
2020  09  1782229
2020  10  8113770
2020  11  12231055
2020  12  14346293
2021  01  15504471
2021  02  16244651
2021  03  12768707
2021  04  10206327
2021  05  6436741
2021  06  2857869
2021  07  566728
2021  08  362011
2021  09  1944130
2021  10  5316250
2021  11  10777547
2021  12  14669876
2022  01  15451435
2022  02  14630012
2022  03  13501104
2022  04  11842903
2022  05  7245168
2022  06  2252839
2022  07  430975
2022  08  311448
2022  09  1317873
2022  10  5751796
2022  11  13102326
2022  12  15291913
2023  01  15509538
2023  02  15166426